0.0013580367772378203
0.001234100836254975
0.0018611903602183811
0.0028836405189095454
0.0030421497769662375
0.0021960309686338128
0.002433979803286534
0.001258138652646329
0.0014185411604358447
0.0023835673239273867
0.004276402819358438
0.004542475949263854
0.002086291504699915
0.002454898977971329
0.004654595703565926
0.0017543870902573754
0.014991901845737123
0.0034881217846014344
0.0023722697454178
0.0028737591643699803
0.004381124607692347
0.0012890279780442008
0.01218782578324567
0.004119887497279774
0.0017720817386537506
0.002684912038699293
0.0036085857744781995
0.0014928019888375008
0.012101137901254158
0.008211947383686163
0.0027956050256761423
0.001803540453726008
0.0025970384347439677
0.0065651659828168335
0.01816813742599722
0.024995012398720796
0.0008372108088483946
0.0014124543391567622
0.0017164455458657543
0.0013802032539227136
0.007682117316396296
0.011234174813872065
0.0010632423770657467
0.001406447585277484
0.001522542385541038
0.0018426548843448556
0.004500304936278059
0.018309137852433183
0.0010014877994251109
0.0014522110960801696
0.003043698391640173
0.009475592077057676
0.0038683313267491542
0.0028955579967293774
0.003398894795718126
0.0018947588956196063
0.0032665666297819027
0.002766158130178457
0.009965230711480226
0.003612283675683969
0.001704574839286239
0.0027706570395019535
0.004648290882635191
0.0031938382219157545
0.02058564788425475
0.011124709439467289
0.0017243054204343629
0.0022158021647387645
0.006060983594688774
0.0014651017344547348
0.009161959560884262
0.00507385769898112
0.001137268669762996
0.0013574272735361796
0.001853855971585273
0.001622345499972715
0.013861357626702391
0.010867603727872667
0.0016597921715026409
0.0020283980180399713
0.003950812685235824
0.0020929684558708066
0.008408681240997891
0.005983344359188335
0.0025084196398080997
0.002014462947452235
0.0012352996140128278
0.002214449635083243
0.002890524308743316
0.0065472879944453236
0.0023394124021407703
0.0023319951204028547
0.0041237972526167194
0.006112791331603466
0.019632235577892343
0.014592126189087047
0.0015746085327864251
0.0013571814533295103
0.0016769039082833298
0.0025507099089788652
0.0014702082110906718
0.001611825871707484
0.0022550512928806703
0.0020311956015819973
0.003825188671687416
0.0032475008646665163
0.015562873069738335
0.008004627013955374
0.002050442087819591
0.0024585322417873976
0.0044951581603681935
0.0015364429378387876
0.013360603448003012
0.004636208657310104
0.00249585526248252
0.0022265958431822207
0.005615728529097407
0.0046516251093491725
0.02083819527259879
0.012966944710325749
0.002038644432094202
0.0016977614396321598
0.001108631943880948
0.0022119270932420636
0.006276190300003137
0.006821040084843703
0.0025631138427757993
0.0014313419186649998
0.001071293836803208
0.0022991293231412364
0.005151392793605938
0.006449893283066465
0.0013244739960751358
0.0017798003160737548
0.0015162971796752718
0.002429471376707779
0.003631803215364968
0.0038793644841936628
0.000745005397136568
0.0018684405782531067
0.00624559860874572
0.016187935429702743
0.009085486134047579
0.0014403371147902054
0.0016211253302059801
0.002714082191557859
0.004876521370011364
0.0014825430442400212
0.013010114936568984
0.0032759086022788116
0.0017503204628009368
0.0026667247211150653
0.004540822319369151
0.0016829381308080642
0.010407196859366563
0.0030326188681091657
0.0017748961132953683
0.0017533536058730005
0.0015288594609271418
0.0027117208332075233
0.0031886706729743436
0.00417202558580789
0.0015912227423507269
0.0019705885595481284
0.0026709822687731363
0.002801004376195745
0.008839751116416297
0.005962487374792441
0.00278202405791471
0.0017351616601603227
0.003372274117714576
0.0016233047571112052
0.009277619154618071
0.0029859096034424567
0.001079205643325625
0.002418931140771556
0.0045412377245898465
0.001650092287501563
0.012424885971630226
0.003884233293179381
0.0018483586863343112
0.0037429589280729356
0.0033425890842906747
0.002512708414120969
0.018160098313114794
0.007734998263015876
0.002109904876282191
0.0025141909792949784
0.0050869999936900764
0.001811533827968375
0.010701486413049122
0.00470910154876934
0.000941608052427191
0.0012189649939509989
0.001758291305436009
0.002821383741194671
0.003952227249914876
0.0037586081343377593
0.002472858162225932
0.0016473370437398544
0.0019291366695684186
0.0014441215099538966
0.005998269158609458
0.00589312106046423
0.0029681796988846243
0.002344895261238901
0.0018971400496887974
0.010162852244111623
0.00764364094295649
0.011849475142839468
0.0029638662348417913
0.0020948334712809547
0.0030336813621861447
0.002108393209279872
0.01274926197557479
0.0042616246609374795
0.0020252301039108524
0.003065325745187836
0.005657999579730062
0.0014928467884687336
0.009844636815506513
0.0031869135643674985
